image: sal3.pgm
resolution: 0.05000 
origin: [0.000000, 0.000000, 0.0]
negate: 0
occupied_thresh: 0.650
free_thresh: 0.190
